50 0 1
50 0 1
50 0 1
50 0 1
50 0 1
50 3 1
50 3 1
50 3 1
50 3 1
50 3 1
50 6 1
50 6 1
50 6 1
50 6 1
50 6 1
50 9 1
50 9 1
50 9 1
50 9 1
50 9 1
100 0 1
100 0 1
100 0 1
100 0 1
100 0 1
100 3 1
100 3 1
100 3 1
100 3 1
100 3 1
100 6 1
100 6 1
100 6 1
100 6 1
100 6 1
100 9 1
100 9 1
100 9 1
100 9 1
100 9 1
500 0 1
500 0 1
500 0 1
500 0 1
500 0 1
500 3 1
500 3 1
500 3 1
500 3 1
500 3 1
500 6 1
500 6 1
500 6 1
500 6 1
500 6 1
500 9 1
500 9 1
500 9 1
500 9 1
500 9 1
1000 0 1
1000 0 1
1000 0 1
1000 0 1
1000 0 1
1000 3 1
1000 3 1
1000 3 1
1000 3 1
1000 3 1
1000 6 1
1000 6 1
1000 6 1
1000 6 1
1000 6 1
1000 9 1
1000 9 1
1000 9 1
1000 9 1
1000 9 1
2000 0 1
2000 0 1
2000 0 1
2000 0 1
2000 0 1
2000 3 1
2000 3 1
2000 3 1
2000 3 1
2000 3 1
2000 6 1
2000 6 1
2000 6 1
2000 6 1
2000 6 1
2000 9 1
2000 9 1
2000 9 1
2000 9 1
2000 9 1
4000 0 1
4000 0 1
4000 0 1
4000 0 1
4000 0 1
4000 3 1
4000 3 1
4000 3 1
4000 3 1
4000 3 1
4000 6 1
4000 6 1
4000 6 1
4000 6 1
4000 6 1
4000 9 1
4000 9 1
4000 9 1
4000 9 1
4000 9 1
6000 0 1
6000 0 1
6000 0 1
6000 0 1
6000 0 1
6000 3 1
6000 3 1
6000 3 1
6000 3 1
6000 3 1
6000 6 1
6000 6 1
6000 6 1
6000 6 1
6000 6 1
6000 9 1
6000 9 1
6000 9 1
6000 9 1
6000 9 1
8000 0 1
8000 0 1
8000 0 1
8000 0 1
8000 0 1
8000 3 1
8000 3 1
8000 3 1
8000 3 1
8000 3 1
8000 6 1
8000 6 1
8000 6 1
8000 6 1
8000 6 1
8000 9 1
8000 9 1
8000 9 1
8000 9 1
8000 9 1
10000 0 1
10000 0 1
10000 0 1
10000 0 1
10000 0 1
10000 3 1
10000 3 1
10000 3 1
10000 3 1
10000 3 1
10000 6 1
10000 6 1
10000 6 1
10000 6 1
10000 6 1
10000 9 1
10000 9 1
10000 9 1
10000 9 1
10000 9 1
