50 0 1
50 0 10
50 0 50
50 0 100
50 0 500
50 0 1000
50 0 5000
50 3 1
50 3 10
50 3 50
50 3 100
50 3 500
50 3 1000
50 3 5000
50 6 1
50 6 10
50 6 50
50 6 100
50 6 500
50 6 1000
50 6 5000
50 9 1
50 9 10
50 9 50
50 9 100
50 9 500
50 9 1000
50 9 5000
100 0 1
100 0 10
100 0 50
100 0 100
100 0 500
100 0 1000
100 0 5000
100 3 1
100 3 10
100 3 50
100 3 100
100 3 500
100 3 1000
100 3 5000
100 6 1
100 6 10
100 6 50
100 6 100
100 6 500
100 6 1000
100 6 5000
100 9 1
100 9 10
100 9 50
100 9 100
100 9 500
100 9 1000
100 9 5000
500 0 1
500 0 10
500 0 50
500 0 100
500 0 500
500 0 1000
500 0 5000
500 3 1
500 3 10
500 3 50
500 3 100
500 3 500
500 3 1000
500 3 5000
500 6 1
500 6 10
500 6 50
500 6 100
500 6 500
500 6 1000
500 6 5000
500 9 1
500 9 10
500 9 50
500 9 100
500 9 500
500 9 1000
500 9 5000
1000 0 1
1000 0 10
1000 0 50
1000 0 100
1000 0 500
1000 0 1000
1000 0 5000
1000 3 1
1000 3 10
1000 3 50
1000 3 100
1000 3 500
1000 3 1000
1000 3 5000
1000 6 1
1000 6 10
1000 6 50
1000 6 100
1000 6 500
1000 6 1000
1000 6 5000
1000 9 1
1000 9 10
1000 9 50
1000 9 100
1000 9 500
1000 9 1000
1000 9 5000
2000 0 1
2000 0 10
2000 0 50
2000 0 100
2000 0 500
2000 0 1000
2000 0 5000
2000 3 1
2000 3 10
2000 3 50
2000 3 100
2000 3 500
2000 3 1000
2000 3 5000
2000 6 1
2000 6 10
2000 6 50
2000 6 100
2000 6 500
2000 6 1000
2000 6 5000
2000 9 1
2000 9 10
2000 9 50
2000 9 100
2000 9 500
2000 9 1000
2000 9 5000
4000 0 1
4000 0 10
4000 0 50
4000 0 100
4000 0 500
4000 0 1000
4000 0 5000
4000 3 1
4000 3 10
4000 3 50
4000 3 100
4000 3 500
4000 3 1000
4000 3 5000
4000 6 1
4000 6 10
4000 6 50
4000 6 100
4000 6 500
4000 6 1000
4000 6 5000
4000 9 1
4000 9 10
4000 9 50
4000 9 100
4000 9 500
4000 9 1000
4000 9 5000
6000 0 1
6000 0 10
6000 0 50
6000 0 100
6000 0 500
6000 0 1000
6000 0 5000
6000 3 1
6000 3 10
6000 3 50
6000 3 100
6000 3 500
6000 3 1000
6000 3 5000
6000 6 1
6000 6 10
6000 6 50
6000 6 100
6000 6 500
6000 6 1000
6000 6 5000
6000 9 1
6000 9 10
6000 9 50
6000 9 100
6000 9 500
6000 9 1000
6000 9 5000
8000 0 1
8000 0 10
8000 0 50
8000 0 100
8000 0 500
8000 0 1000
8000 0 5000
8000 3 1
8000 3 10
8000 3 50
8000 3 100
8000 3 500
8000 3 1000
8000 3 5000
8000 6 1
8000 6 10
8000 6 50
8000 6 100
8000 6 500
8000 6 1000
8000 6 5000
8000 9 1
8000 9 10
8000 9 50
8000 9 100
8000 9 500
8000 9 1000
8000 9 5000
10000 0 1
10000 0 10
10000 0 50
10000 0 100
10000 0 500
10000 0 1000
10000 0 5000
10000 3 1
10000 3 10
10000 3 50
10000 3 100
10000 3 500
10000 3 1000
10000 3 5000
10000 6 1
10000 6 10
10000 6 50
10000 6 100
10000 6 500
10000 6 1000
10000 6 5000
10000 9 1
10000 9 10
10000 9 50
10000 9 100
10000 9 500
10000 9 1000
10000 9 5000
15000 0 1
15000 0 10
15000 0 50
15000 0 100
15000 0 500
15000 0 1000
15000 0 5000
15000 3 1
15000 3 10
15000 3 50
15000 3 100
15000 3 500
15000 3 1000
15000 3 5000
15000 6 1
15000 6 10
15000 6 50
15000 6 100
15000 6 500
15000 6 1000
15000 6 5000
15000 9 1
15000 9 10
15000 9 50
15000 9 100
15000 9 500
15000 9 1000
15000 9 5000
